  -2.000  -0.1463   0.02180   0.01127  -0.0127   1.0000   0.8091
  -1.500  -0.0715   0.01943   0.00879  -0.0162   1.0000   0.9530
  -1.000   0.0160   0.01869   0.00725  -0.0294   1.0000   1.0000
  -0.500   0.0907   0.01879   0.00661  -0.0366   1.0000   1.0000
  -0.000   0.1515   0.01905   0.00642  -0.0391   1.0000   1.0000
   0.500   0.2063   0.01942   0.00657  -0.0400   1.0000   1.0000
   1.000   0.2581   0.01990   0.00706  -0.0402   1.0000   1.0000
   1.500   0.3077   0.02055   0.00782  -0.0403   1.0000   1.0000
   2.000   0.3551   0.02149   0.00902  -0.0406   1.0000   1.0000
   2.500   0.3985   0.02315   0.01111  -0.0420   1.0000   1.0000
   3.000   0.5938   0.02449   0.01341  -0.0651   0.7252   1.0000
   3.500   0.6387   0.02738   0.01560  -0.0580   0.5760   1.0000
   4.000   0.6897   0.03070   0.01866  -0.0553   0.5040   1.0000
   4.500   0.7455   0.03496   0.02344  -0.0564   0.4616   1.0000
   5.000   0.7978   0.04032   0.02953  -0.0579   0.4254   1.0000
   5.500   0.8412   0.04548   0.03507  -0.0568   0.3806   1.0000
   6.000   0.8814   0.05289   0.04267  -0.0552   0.3497   1.0000
   6.500   0.9093   0.06392   0.05470  -0.0616   0.3413   1.0000
   7.000   0.9144   0.07618   0.06744  -0.0687   0.3321   1.0000
   7.500   0.9078   0.08989   0.08127  -0.0761   0.3383   1.0000
   8.000   0.7862   0.12037   0.11116  -0.1242   0.7497   1.0000
   8.500   0.7606   0.11786   0.10863  -0.1140   0.6725   1.0000
   9.500   0.8495   0.14501   0.13622  -0.1150   0.5474   1.0000
  10.000   0.8563   0.15205   0.14328  -0.1119   0.4961   1.0000
