  -2.000  -0.1383   0.02459   0.01091  -0.0130   0.1000   0.8158
  -1.500  -0.0484   0.02241   0.00830  -0.0198   0.1000   0.9734
  -1.000   0.0392   0.02204   0.00680  -0.0331   0.1000   1.0000
  -0.500   0.1162   0.02229   0.00609  -0.0402   0.1000   1.0000
  -0.000   0.1811   0.02265   0.00575  -0.0430   0.1000   1.0000
   0.500   0.2412   0.02305   0.00569  -0.0443   0.1000   1.0000
   1.000   0.2991   0.02349   0.00586  -0.0449   0.1000   1.0000
   1.500   0.3558   0.02400   0.00617  -0.0452   0.1000   1.0000
   2.000   0.4117   0.02458   0.00667  -0.0453   0.1000   1.0000
   2.500   0.4669   0.02523   0.00736  -0.0453   0.1000   1.0000
   3.000   0.5216   0.02597   0.00833  -0.0451   0.1000   1.0000
   3.500   0.5758   0.02681   0.00947  -0.0449   0.1000   1.0000
   4.000   0.6295   0.02778   0.01075  -0.0446   0.1000   1.0000
   4.500   0.6825   0.02888   0.01226  -0.0442   0.1000   1.0000
   5.000   0.7348   0.03015   0.01418  -0.0437   0.1000   1.0000
   5.500   0.7862   0.03163   0.01626  -0.0431   0.1000   1.0000
   6.000   0.8366   0.03341   0.01873  -0.0424   0.1000   1.0000
   6.500   0.8861   0.03566   0.02176  -0.0417   0.1000   1.0000
   7.000   0.9349   0.03861   0.02574  -0.0411   0.1000   1.0000
   7.500   0.9816   0.04304   0.03115  -0.0402   0.1000   1.0000
   8.000   1.0224   0.05088   0.04011  -0.0392   0.1000   1.0000
   8.500   1.0428   0.06298   0.05340  -0.0389   0.1000   1.0000
   9.000   1.0367   0.07654   0.06783  -0.0402   0.1000   1.0000
   9.500   1.0107   0.09027   0.08198  -0.0438   0.1000   1.0000
  10.000   0.9748   0.10426   0.09603  -0.0502   0.1000   1.0000
