  -2.000  -0.1313   0.02266   0.01076  -0.0135   0.5000   0.8219
  -1.500  -0.0338   0.02034   0.00810  -0.0221   0.5000   0.9982
  -1.000   0.0505   0.01992   0.00668  -0.0347   0.5000   1.0000
  -0.500   0.1272   0.02003   0.00599  -0.0415   0.5000   1.0000
   0.000   0.1925   0.02023   0.00568  -0.0443   0.5000   1.0000
   0.500   0.2533   0.02049   0.00565  -0.0456   0.5000   1.0000
   1.000   0.3121   0.02079   0.00586  -0.0463   0.5000   1.0000
   1.500   0.3700   0.02115   0.00625  -0.0466   0.5000   1.0000
   2.000   0.4275   0.02158   0.00686  -0.0469   0.5000   1.0000
   2.500   0.4850   0.02212   0.00783  -0.0470   0.5000   1.0000
   3.000   0.5432   0.02290   0.00914  -0.0471   0.5000   1.0000
   3.500   0.6092   0.02534   0.01220  -0.0485   0.5000   1.0000
   4.000   0.6880   0.03071   0.01853  -0.0546   0.5000   1.0000
   4.500   0.7455   0.03496   0.02344  -0.0564   0.4616   1.0000
   5.000   0.7978   0.04032   0.02953  -0.0579   0.4254   1.0000
   5.500   0.8412   0.04548   0.03507  -0.0568   0.3806   1.0000
   6.000   0.8814   0.05289   0.04267  -0.0552   0.3497   1.0000
   6.500   0.9093   0.06392   0.05470  -0.0616   0.3413   1.0000
   7.000   0.9144   0.07618   0.06744  -0.0687   0.3321   1.0000
   7.500   0.9078   0.08989   0.08127  -0.0761   0.3383   1.0000
   8.000   0.8906   0.11884   0.11027  -0.1051   0.5000   1.0000
   8.500   0.8913   0.13033   0.12177  -0.1079   0.5000   1.0000
   9.000   0.8938   0.14180   0.13326  -0.1107   0.5000   1.0000
   9.500   0.8975   0.15319   0.14467  -0.1133   0.5000   1.0000
  10.000   0.8563   0.15205   0.14329  -0.1119   0.4961   1.0000
