  -2.000  -0.3757   0.07473   0.06759   0.0238   1.0001   0.6808
  -1.000  -0.1989   0.06790   0.06006  -0.0478   1.0001   0.2772
   0.000   0.0853   0.05575   0.04675  -0.1046   1.0001   0.2382
   1.000   0.3929   0.05136   0.04004  -0.1494   1.0001   0.3234
   2.000   0.5901   0.05208   0.04000  -0.1623   1.0001   0.9999
   3.000   0.7073   0.06026   0.04634  -0.1634   1.0001   0.9999
   4.000   0.8030   0.06987   0.05578  -0.1635   1.0001   0.9999
   5.000   0.9267   0.08320   0.07001  -0.1713   0.9507   0.9999
   6.000   1.0554   0.09803   0.08691  -0.1760   0.8219   0.9999
   7.000   1.2155   0.10566   0.09655  -0.1518   0.3341   0.9999
   8.000   1.2207   0.12986   0.12066  -0.1563   0.2645   0.9999
   9.000   1.2368   0.15600   0.14672  -0.1659   0.2308   0.9999
  10.000   1.2629   0.18308   0.17371  -0.1783   0.2144   0.9999
